#Model parameters: ε_Inf=6.100000 ε_S=18.100000 freq=2.57e+12 mb=0.120000 
#Params in SI: ω =1.61478e+13 mb=1.09313e-31 
#Alpha parameter: α = 1.347081  
# CsPbI3-electron 
# Ts, βreds, Kμs, Hμs, FHIPμs, vs, ws, ks, Ms, As, Bs, Cs, Fs, Taus, rfsis
#  1    2     3    4     5     6   7    8  9   10  11  12  13  14 15
10 12.334040 5.71126e+07 6.73052e+06 6.94573e+06 2.90651 2.54559 1.9678 0.303671 -1.03819 1.43447 0.479444 -0.875722 31918.3 8.07342e-09 
20 6.167020 113883 26516 27699.6 2.7728 2.36294 2.10491 0.376989 -1.42649 1.48698 0.502757 -0.563248 67.2245 7.62436e-09 
30 4.111347 13952.3 4771.45 5090.41 2.94422 2.46538 2.5903 0.426168 -1.7751 1.56609 0.550829 -0.341819 8.53014 7.08225e-09 
40 3.083510 4859.83 2116.94 2364.11 3.28625 2.73664 3.3102 0.441995 -2.08836 1.66469 0.606419 -0.182753 3.00417 6.61888e-09 
50 2.466808 2591.28 1322.79 1575.69 3.70266 3.08755 4.17672 0.438136 -2.3688 1.77193 0.660956 -0.0640845 1.59755 6.25461e-09 
60 2.055673 1713.8 973.721 1250.54 4.15778 3.48307 5.15536 0.424947 -2.6214 1.88131 0.712702 0.027392 1.04688 5.96572e-09 
70 1.762006 1282.6 784.48 1091.88 4.63845 3.90929 6.23269 0.407831 -2.85062 1.98964 0.761733 0.0992486 0.774074 5.73073e-09 
80 1.541755 1036.4 667.512 1008.33 5.13295 4.3536 7.39333 0.390071 -3.05954 2.0955 0.808054 0.15599 0.617595 5.53509e-09 
90 1.370449 881.026 588.499 964.311 5.63785 4.81183 8.63169 0.3728 -3.25081 2.1983 0.852049 0.200456 0.518484 5.36872e-09 
100 1.233404 775.655 531.59 943.31 6.14989 5.28009 9.94181 0.356601 -3.42643 2.29789 0.893989 0.234547 0.451087 5.22471e-09 
110 1.121276 700.294 488.591 936.826 6.66751 5.7564 11.3196 0.341607 -3.58801 2.3943 0.934104 0.259604 0.402759 5.09834e-09 
120 1.027837 644.098 454.86 939.981 7.18867 6.23831 12.7605 0.327893 -3.73688 2.48767 0.972597 0.27662 0.366653 4.986e-09 
130 0.948772 600.887 427.618 949.997 7.71557 6.72771 14.2678 0.315226 -3.87435 2.57817 1.00983 0.286355 0.338792 4.88502e-09 
140 0.881003 566.637 405.07 964.758 8.24049 7.21679 15.8235 0.303818 -4.00082 2.66596 1.04544 0.289416 0.31671 4.79387e-09 
150 0.822269 539.711 386.177 984.551 8.80051 7.74264 17.5004 0.291925 -4.11892 2.75125 1.08137 0.286298 0.298908 4.71076e-09 
160 0.770877 516.205 369.716 1004.45 9.29646 8.20495 19.103 0.28376 -4.22503 2.83419 1.11343 0.277412 0.284083 4.63414e-09 
170 0.725532 497.192 355.52 1027.92 9.82613 8.70244 20.8204 0.274921 -4.32395 2.91494 1.14589 0.263112 0.271736 4.5636e-09 
180 0.685224 481.131 343.033 1053.23 10.3585 9.20365 22.5915 0.266701 -4.41487 2.99365 1.17752 0.2437 0.261263 4.49819e-09 
190 0.649160 467.359 331.926 1079.92 10.8902 9.70503 24.4084 0.259147 -4.49818 3.07045 1.20829 0.219442 0.25227 4.4372e-09 
200 0.616702 455.462 321.969 1107.82 11.4229 10.2083 26.2728 0.252116 -4.5743 3.14545 1.23828 0.190573 0.244476 4.38022e-09 
210 0.587335 445.647 313.074 1138.14 12.0013 10.7585 28.2866 0.244387 -4.64531 3.21878 1.26923 0.157303 0.237731 4.32699e-09 
220 0.560638 435.97 304.782 1166.45 12.4895 11.2183 30.1379 0.239475 -4.70651 3.29053 1.29616 0.119823 0.231651 4.27639e-09 
230 0.536263 427.907 297.289 1196.92 13.0238 11.7253 32.1373 0.233757 -4.76325 3.36079 1.32416 0.078302 0.226318 4.22888e-09 
240 0.513918 421.238 290.49 1229.49 13.6099 12.2852 34.3041 0.227291 -4.81586 3.42965 1.35332 0.0328983 0.221623 4.18424e-09 
250 0.493362 414.289 284.018 1259.59 14.0916 12.7402 36.2598 0.223394 -4.85932 3.49718 1.37838 -0.0162451 0.217275 4.14123e-09 
260 0.474386 408.503 278.1 1291.68 14.626 13.249 38.383 0.218662 -4.89916 3.56345 1.4047 -0.068996 0.213411 4.10067e-09 
270 0.456816 403.601 272.643 1325.26 15.2018 13.8 40.6532 0.213468 -4.93522 3.62854 1.43191 -0.125232 0.209952 4.0622e-09 
280 0.440501 398.523 267.424 1357.06 15.6948 14.2681 42.7478 0.20998 -4.96354 3.69249 1.45589 -0.184839 0.206715 4.02516e-09 
290 0.425312 394.587 262.653 1391.64 16.2846 14.8342 45.1357 0.205113 -4.99023 3.75537 1.48257 -0.247712 0.20385 3.99016e-09 
300 0.411135 390.246 258.03 1423.79 16.7649 15.2903 47.269 0.202183 -5.00881 3.81722 1.50534 -0.313752 0.201117 3.95616e-09 
310 0.397872 386.933 253.79 1458.76 17.3494 15.8518 49.7209 0.19787 -5.02618 3.87809 1.53096 -0.382867 0.198694 3.92405e-09 
320 0.385439 383.574 249.722 1492.74 17.8836 16.363 52.0731 0.194485 -5.03769 3.93802 1.55464 -0.454968 0.196413 3.89298e-09 
330 0.373759 380.507 245.873 1527.08 18.4234 16.8803 54.4769 0.191185 -5.04521 3.99707 1.57812 -0.529975 0.194304 3.86313e-09 
340 0.362766 377.649 242.214 1561.54 18.9591 17.3938 56.9041 0.188085 -5.04855 4.05525 1.60111 -0.60781 0.192342 3.83441e-09 
350 0.352401 374.7 238.679 1594.92 19.4386 17.8509 59.2056 0.185799 -5.04645 4.11262 1.62224 -0.688401 0.190474 3.80638e-09 
360 0.342612 372.245 235.361 1629.73 19.9734 18.3641 61.6969 0.182946 -5.04208 4.16919 1.64457 -0.771677 0.18877 3.77969e-09 
370 0.333352 370.215 232.236 1665.87 20.5629 18.9326 64.3862 0.179626 -5.03559 4.22501 1.66816 -0.857574 0.187214 3.75411e-09 
380 0.324580 368.059 229.201 1700.93 21.0958 19.4445 66.9424 0.177055 -5.02393 4.28011 1.68986 -0.94603 0.185718 3.72914e-09 
390 0.316257 366.103 226.306 1736.42 21.6425 19.9706 69.5733 0.174446 -5.00916 4.3345 1.71164 -1.03698 0.184322 3.70505e-09 
400 0.308351 363.943 223.473 1770.43 22.1112 20.4183 71.9976 0.172694 -4.98893 4.38822 1.73109 -1.13038 0.182961 3.68136e-09 
410 0.300830 362.435 220.846 1807.17 22.7009 20.9887 74.8045 0.169807 -4.96807 4.44126 1.75298 -1.22617 0.181754 3.65948e-09 
420 0.293668 360.717 218.26 1842.48 23.227 21.4943 77.4898 0.167725 -4.94338 4.49372 1.77395 -1.32429 0.180571 3.63694e-09 
430 0.286838 358.987 215.757 1877.3 23.7162 21.9634 80.0669 0.165979 -4.91409 4.54555 1.79324 -1.4247 0.179436 3.61541e-09 
440 0.280319 357.746 213.413 1914.31 24.3065 22.5351 82.976 0.163393 -4.88383 4.59678 1.8144 -1.52736 0.178419 3.5954e-09 
450 0.274090 356.302 211.099 1949.92 24.8335 23.0421 85.7625 0.16153 -4.85008 4.64748 1.8348 -1.63221 0.177414 3.57464e-09 
460 0.268131 355.005 208.882 1986 25.3705 23.5602 88.5776 0.159575 -4.81289 4.69761 1.85449 -1.73921 0.176471 3.5552e-09 
470 0.262426 353.758 206.735 2022.04 25.9033 24.0742 91.4156 0.157731 -4.77289 4.74721 1.87401 -1.84832 0.175572 3.53614e-09 
480 0.256959 352.428 204.636 2057.3 26.3885 24.5403 94.1235 0.156292 -4.72896 4.79629 1.89218 -1.95951 0.174694 3.51738e-09 
490 0.251715 351.456 202.65 2094.37 26.9684 25.1021 97.1783 0.154223 -4.68457 4.84487 1.91242 -2.07273 0.1739 3.49949e-09 
500 0.246681 348.822 200.461 2121.09 26.9796 25.0911 98.3346 0.156195 -4.62418 4.89297 1.91916 -2.18794 0.172892 3.47957e-09 
510 0.241844 349.262 198.798 2166.24 27.9913 26.0883 102.911 0.151206 -4.58457 4.9406 1.94909 -2.30512 0.172363 3.46451e-09 
520 0.237193 348.31 196.968 2202.7 28.5289 26.6078 105.921 0.149612 -4.53154 4.98778 1.96799 -2.42423 0.171655 3.44756e-09 
530 0.232718 347.4 195.193 2239.19 29.0616 27.1228 108.929 0.148073 -4.47563 5.0345 1.98636 -2.54522 0.170978 3.43122e-09 
540 0.228408 346.717 193.5 2276.96 29.659 27.7036 112.172 0.146155 -4.41828 5.08077 2.00559 -2.66808 0.170356 3.41584e-09 
550 0.224255 345.836 191.814 2313.23 30.1761 28.2028 115.197 0.144829 -4.35741 5.12666 2.02353 -2.79277 0.169727 3.39995e-09 
560 0.220251 344.984 190.174 2349.48 30.6849 28.6942 118.205 0.143564 -4.29374 5.17212 2.04089 -2.91926 0.169121 3.3846e-09 
570 0.216387 344.332 188.603 2386.92 31.2612 29.2537 121.484 0.141956 -4.22923 5.21718 2.05957 -3.04753 0.168565 3.36981e-09 
580 0.212656 343.558 187.052 2423.34 31.7732 29.7486 124.556 0.140744 -4.16101 5.26186 2.07669 -3.17754 0.168007 3.35513e-09 
590 0.209052 342.769 185.533 2459.46 32.2632 30.2216 127.572 0.139675 -4.09006 5.30615 2.09317 -3.30926 0.167465 3.34071e-09 
600 0.205567 342.206 184.081 2497.04 32.8402 30.7821 130.938 0.138187 -4.01883 5.35008 2.11143 -3.44268 0.166971 3.32684e-09 
610 0.202197 341.481 182.639 2533.28 33.3313 31.2565 134.009 0.137168 -3.94357 5.39365 2.12769 -3.57777 0.166468 3.313e-09 
620 0.198936 341.048 181.271 2571.54 33.945 31.8544 137.56 0.135567 -3.86864 5.43686 2.14628 -3.71449 0.166023 3.29992e-09 
630 0.195778 340.301 179.886 2607.29 34.3987 32.2913 140.539 0.13478 -3.78838 5.47973 2.16149 -3.85284 0.165544 3.2865e-09 
640 0.192719 339.74 178.557 2644.31 34.9316 32.808 143.851 0.133645 -3.70785 5.52227 2.17835 -3.99277 0.165106 3.27352e-09 
650 0.189754 339.207 177.26 2681.42 35.4674 33.3277 147.198 0.132523 -3.62531 5.56448 2.19512 -4.13429 0.164684 3.26081e-09 
660 0.186879 338.755 176.002 2719.04 36.0318 33.8765 150.67 0.131289 -3.54118 5.60636 2.21216 -4.27735 0.164286 3.24856e-09 
670 0.184090 338.265 174.764 2756.24 36.5676 34.3966 154.063 0.130217 -3.45459 5.64794 2.22858 -4.42194 0.163892 3.23639e-09 
680 0.181383 337.788 173.552 2793.44 37.1004 34.9138 157.468 0.129182 -3.36599 5.68921 2.24482 -4.56804 0.163511 3.22444e-09 
690 0.178754 337.326 172.366 2830.64 37.6316 35.4294 160.892 0.128176 -3.27546 5.73018 2.26091 -4.71563 0.163142 3.2127e-09 
700 0.176201 336.828 171.199 2867.42 38.1322 35.9144 164.218 0.127316 -3.18245 5.77085 2.27628 -4.86468 0.162777 3.20108e-09 
710 0.173719 336.458 170.071 2905.19 38.6968 36.4639 167.825 0.12622 -3.08886 5.81124 2.29281 -5.01519 0.16244 3.18986e-09 
720 0.171306 336.049 168.96 2942.53 39.2307 36.9827 171.333 0.125269 -2.99283 5.85135 2.30861 -5.16713 0.162106 3.17874e-09 
730 0.168959 335.603 167.864 2979.44 39.7323 37.4689 174.733 0.124461 -2.8944 5.89118 2.3237 -5.32048 0.161774 3.16771e-09 
740 0.166676 335.272 166.804 3017.27 40.2952 38.0171 178.405 0.123438 -2.79534 5.93074 2.33982 -5.47523 0.161468 3.15707e-09 
750 0.164454 334.902 165.759 3054.67 40.827 38.534 181.977 0.122554 -2.69397 5.97004 2.35529 -5.63136 0.161163 3.14649e-09 
760 0.162290 334.56 164.736 3092.25 41.3686 39.0609 185.612 0.121653 -2.59106 6.00908 2.37082 -5.78885 0.160869 3.13613e-09 
770 0.160182 334.201 163.728 3129.57 41.8904 39.5679 189.188 0.120839 -2.48607 6.04787 2.38588 -5.94768 0.16058 3.12588e-09 
780 0.158129 333.931 162.75 3167.65 42.4654 40.1285 193.014 0.119863 -2.38043 6.0864 2.40188 -6.10785 0.16031 3.11591e-09 
790 0.156127 333.547 161.775 3204.57 42.954 40.6024 196.494 0.119192 -2.27148 6.1247 2.41611 -6.26933 0.16003 3.10591e-09 
800 0.154175 333.237 160.825 3242.12 43.4854 41.1194 200.177 0.118392 -2.16168 6.16275 2.43104 -6.43211 0.159767 3.09618e-09 
810 0.152272 332.935 159.893 3279.67 44.0159 41.6356 203.88 0.117611 -2.05028 6.20056 2.44588 -6.59617 0.159511 3.08659e-09 
820 0.150415 332.619 158.975 3317.01 44.5287 42.134 207.53 0.1169 -1.93696 6.23815 2.46032 -6.7615 0.159258 3.0771e-09 
830 0.148603 332.541 158.102 3356.67 45.2139 42.8058 211.958 0.115676 -1.82527 6.27551 2.47785 -6.92809 0.159046 3.06812e-09 
840 0.146834 332.07 157.194 3392.3 45.5942 43.1713 215.068 0.115395 -1.70636 6.31264 2.48965 -7.09593 0.158781 3.05864e-09 
850 0.145106 332.016 156.353 3432.13 46.2891 43.8531 219.587 0.114184 -1.59166 6.34956 2.50709 -7.26499 0.158582 3.04999e-09 
860 0.143419 331.57 155.475 3467.84 46.6742 44.2234 222.772 0.113909 -1.47004 6.38626 2.51904 -7.43526 0.15833 3.04067e-09 
870 0.141771 331.325 154.638 3505.57 47.2045 44.74 226.595 0.113203 -1.34922 6.42275 2.53322 -7.60674 0.158113 3.03199e-09 
880 0.140160 331.083 153.814 3543.28 47.7351 45.2568 230.458 0.112518 -1.22712 6.45903 2.5475 -7.77941 0.157901 3.02332e-09 
890 0.138585 330.85 153.003 3581.03 48.2654 45.7735 234.334 0.111842 -1.10348 6.4951 2.56163 -7.95326 0.157694 3.01483e-09 
900 0.137045 330.845 152.233 3621.21 48.9867 46.4821 239.112 0.11067 -0.981877 6.53098 2.57916 -8.12827 0.157525 3.00676e-09 
910 0.135539 330.412 151.423 3656.64 49.3313 46.8124 242.177 0.110512 -0.851991 6.56666 2.58977 -8.30443 0.157296 2.99818e-09 
920 0.134066 330.196 150.651 3694.42 49.8596 47.3273 246.11 0.109877 -0.72406 6.60214 2.60366 -8.48174 0.157104 2.99e-09 
930 0.132624 330.005 149.893 3732.41 50.4045 47.8589 250.147 0.109212 -0.595078 6.63743 2.61782 -8.66017 0.156919 2.98194e-09 
940 0.131213 329.789 149.144 3770.07 50.921 48.362 254.07 0.108629 -0.464175 6.67254 2.63137 -8.83973 0.156733 2.97395e-09 
950 0.129832 329.593 148.408 3807.92 51.4513 48.879 258.079 0.108021 -0.332173 6.70746 2.64511 -9.02039 0.156555 2.96608e-09 
960 0.128480 329.406 147.684 3845.82 51.9827 49.3973 262.109 0.107417 -0.198773 6.74219 2.65874 -9.20216 0.156381 2.95836e-09 
970 0.127155 329.222 146.97 3883.7 52.512 49.9135 266.151 0.10683 -0.0640246 6.77675 2.67228 -9.38501 0.15621 2.95071e-09 
980 0.125858 329.045 146.267 3921.63 53.0435 50.432 270.226 0.106247 0.0719922 6.81113 2.68581 -9.56893 0.156044 2.94316e-09 
990 0.124586 328.871 145.574 3959.56 53.5787 50.954 274.368 0.105676 0.208972 6.84534 2.69961 -9.75392 0.155881 2.93556e-09 
1000 0.123340 328.704 144.893 3997.52 54.1048 51.4675 278.429 0.105111 0.347981 6.87937 2.71263 -9.93997 0.155722 2.92835e-09 
