#Model parameters: ε_Inf=5.350000 ε_S=32.400000 freq=5.48451e+12 mb=0.082000 
#Params in SI: ω =3.44602e+13 mb=7.46969e-32 
#Alpha parameter: α = 1.094468  
# CsSnBr3 
# Ts, βreds, Kμs, Hμs, FHIPμs, vs, ws, ks, Ms, As, Bs, Cs, Fs, Taus
10 26.321465 6.18377e+13 3.45561e+12 3.52399e+12 3.00459 2.73131 1.56749 0.210118 -0.690156 1.1396 0.381379 -0.830819 2.19207e+10 
20 13.160733 1.17174e+08 1.28957e+07 1.33549e+07 2.8849 2.60004 1.56247 0.231127 -0.906812 1.1538 0.384803 -0.631795 42257.6 
30 8.773822 1.43145e+06 233696 244725 2.78166 2.48208 1.57694 0.255967 -1.09592 1.17029 0.390337 -0.46471 526.654 
40 6.580366 156635 33792.3 35705 2.74313 2.42379 1.64997 0.280857 -1.271 1.19069 0.401136 -0.320823 58.7707 
50 5.264293 41220.8 11011.6 11745.4 2.75447 2.4121 1.76888 0.304024 -1.43487 1.21617 0.415209 -0.19651 15.7462 
60 4.386911 16867.1 5332.38 5767.3 2.84049 2.47208 1.95724 0.320273 -1.59164 1.24662 0.433847 -0.0888331 6.52343 
70 3.760209 8898.55 3219.16 3549.76 2.9763 2.58091 2.19722 0.329857 -1.7409 1.28111 0.454748 0.00503477 3.46654 
80 3.290183 5505.27 2222.75 2509.86 3.13105 2.7092 2.46368 0.335661 -1.88175 1.31856 0.475609 0.0875814 2.15401 
90 2.924607 3794.35 1674.93 1946.08 3.3176 2.86985 2.77044 0.336379 -2.01612 1.358 0.497281 0.160837 1.48538 
100 2.632147 2818.58 1339.89 1606.24 3.50813 3.03559 3.09211 0.335558 -2.14307 1.39867 0.518008 0.226394 1.10272 
110 2.392860 2212.6 1118.59 1387 3.70886 3.21267 3.43441 0.332751 -2.26366 1.43999 0.538184 0.285479 0.863822 
120 2.193455 1808.94 963.438 1237.05 3.90604 3.38713 3.78454 0.329875 -2.37796 1.4816 0.557317 0.339042 0.704703 
130 2.024728 1528.97 849.86 1132.72 4.12988 3.58907 4.17447 0.324068 -2.48813 1.52318 0.577129 0.387818 0.593036 
140 1.880105 1323.23 763.401 1055.71 4.33559 3.77389 4.55509 0.319829 -2.59201 1.56454 0.595091 0.432385 0.511595 
150 1.754764 1170.24 695.903 1000.34 4.56996 3.98818 4.97899 0.313035 -2.69261 1.60554 0.613873 0.473203 0.450115 
160 1.645092 1051.8 641.744 959.034 4.80851 4.20725 5.42083 0.306246 -2.7891 1.6461 0.632357 0.510642 0.402467 
170 1.548321 957.836 597.409 927.943 5.04612 4.42616 5.87244 0.299753 -2.88126 1.68616 0.650095 0.545006 0.36469 
180 1.462304 881.333 560.398 904.053 5.2738 4.63573 6.32298 0.294229 -2.96902 1.72567 0.666812 0.576543 0.334136 
190 1.385340 818.121 529.05 885.834 5.49444 4.83881 6.77483 0.289349 -3.05278 1.76461 0.682701 0.605466 0.309001 
200 1.316073 766.037 502.267 873.093 5.73107 5.05841 7.25762 0.283639 -3.13388 1.80299 0.698935 0.631953 0.288048 
210 1.253403 723.478 479.255 865.816 6.00775 5.31869 7.80459 0.275893 -3.21353 1.84079 0.716584 0.656156 0.270403 
220 1.196430 684.586 458.741 858.286 6.20946 5.50408 8.26247 0.272735 -3.28673 1.87803 0.730494 0.678208 0.255234 
230 1.144412 652.714 440.875 855.523 6.46432 5.74336 8.80129 0.266818 -3.35925 1.9147 0.746327 0.698225 0.24222 
240 1.096728 624.739 424.932 854.458 6.71136 5.97513 9.34021 0.261615 -3.42862 1.95082 0.76149 0.71631 0.230886 
250 1.052859 599.37 410.502 853.919 6.92708 6.17567 9.84542 0.258146 -3.49407 1.98641 0.775105 0.732553 0.220901 
260 1.012364 578.241 397.69 856.768 7.19393 6.42808 10.4323 0.252475 -3.55895 2.02148 0.790436 0.747036 0.212154 
270 0.974869 557.735 385.781 858.169 7.38504 6.60455 10.9188 0.250315 -3.61835 2.05603 0.802487 0.759832 0.204277 
280 0.940052 540.611 375.111 862.629 7.63237 6.83783 11.4971 0.245897 -3.67769 2.0901 0.816578 0.771007 0.197306 
290 0.907637 525.774 365.422 868.918 7.90765 7.09953 12.1276 0.240611 -3.73579 2.1237 0.831475 0.780623 0.191077 
300 0.877382 511.513 356.358 874.499 8.13686 7.31511 12.6976 0.23729 -3.78992 2.15682 0.84436 0.788735 0.185396 
310 0.849080 499.272 348.099 882.023 8.40497 7.57016 13.3363 0.232716 -3.84332 2.1895 0.858426 0.795393 0.18029 
320 0.822546 486.862 340.219 887.844 8.59706 7.74882 13.8653 0.230917 -3.89194 2.22175 0.869543 0.800645 0.175552 
330 0.797620 477.14 333.167 897.307 8.89113 8.0305 14.5633 0.225826 -3.94218 2.25358 0.884063 0.804535 0.171335 
340 0.774161 467.478 326.449 905.778 9.1368 8.26353 15.1953 0.222524 -3.98886 2.28501 0.896748 0.807103 0.167414 
350 0.752042 458.918 320.216 915.344 9.40583 8.52031 15.874 0.218663 -4.03444 2.31604 0.91002 0.808387 0.163829 
360 0.731152 450.271 314.23 923.757 9.61866 8.72066 16.4687 0.216551 -4.07632 2.34669 0.921204 0.808423 0.160464 
370 0.711391 443.032 308.733 934.153 9.89102 8.98119 17.1705 0.21287 -4.11841 2.37697 0.934199 0.807243 0.157406 
380 0.692670 436.005 303.491 944.182 10.1381 9.2164 17.8389 0.210013 -4.15797 2.4069 0.946194 0.804881 0.154544 
390 0.674909 428.365 298.338 952.05 10.2892 9.35508 18.3501 0.209674 -4.19277 2.43648 0.954927 0.801364 0.151794 
400 0.658037 423.03 293.775 964.299 10.6002 9.65503 19.1447 0.205372 -4.23115 2.46573 0.968704 0.79672 0.14937 
