#Model parameters: ε_Inf=5.350000 ε_S=32.400000 freq=5.48451e+12 mb=0.082000 
#Params in SI: ω =3.44602e+13 mb=7.46969e-32 
#Alpha parameter: α = 1.094468  
# CsSnBr3 
# Ts, βreds, Kμs, Hμs, FHIPμs, vs, ws, ks, Ms, As, Bs, Cs, Fs, Taus, rfsis
#  1    2     3    4     5     6   7    8  9   10  11  12  13  14 15
10 26.321465 6.18377e+13 3.45561e+12 3.52399e+12 3.00456 2.73128 1.56747 0.210119 -0.690154 1.1396 0.381378 -0.830819 2.19207e+10 1.34355e-08 
20 13.160733 1.17174e+08 1.28957e+07 1.33549e+07 2.8849 2.60004 1.56246 0.231127 -0.906812 1.1538 0.384803 -0.631795 42257.6 1.31863e-08 
30 8.773822 1.43135e+06 233695 244709 2.77822 2.47879 1.57408 0.256181 -1.09565 1.17029 0.390069 -0.46471 526.71 1.28924e-08 
40 6.580366 156623 33792.6 35702.4 2.74018 2.42097 1.64747 0.281086 -1.27077 1.19069 0.400906 -0.320823 58.7768 1.25154e-08 
50 5.264293 41215.8 11011.6 11744 2.75149 2.4092 1.76642 0.304331 -1.43467 1.21617 0.415008 -0.19651 15.748 1.21116e-08 
60 4.386911 16865.7 5332.38 5766.84 2.83887 2.47049 1.95586 0.320457 -1.59153 1.24662 0.43374 -0.0888331 6.52382 1.16914e-08 
70 3.760209 8894.84 3219.19 3548.28 2.96836 2.57316 2.19001 0.330759 -1.74036 1.28112 0.454204 0.00503474 3.46745 1.12979e-08 
80 3.290183 5503.83 2222.75 2509.2 3.12646 2.7047 2.45933 0.336184 -1.88144 1.31856 0.475298 0.0875814 2.15429 1.09416e-08 
90 2.924607 3790.81 1674.87 1944.26 3.30231 2.85479 2.7554 0.338093 -2.01511 1.358 0.496279 0.160837 1.4859 1.06238e-08 
100 2.632147 2815.88 1339.82 1604.71 3.49276 3.02043 3.07633 0.337206 -2.14207 1.39866 0.517009 0.226393 1.10302 1.03403e-08 
110 2.392860 2210.34 1118.45 1385.58 3.69364 3.19753 3.41878 0.334381 -2.26278 1.44 0.537305 0.285479 0.863995 1.00869e-08 
120 2.193455 1808.54 963.412 1236.77 3.90269 3.3838 3.78095 0.330212 -2.37776 1.4816 0.557123 0.339042 0.704726 9.85929e-09 
130 2.024728 1527.78 849.775 1131.84 4.11771 3.57697 4.16084 0.325199 -2.48741 1.52318 0.576418 0.387818 0.593083 9.65388e-09 
140 1.880105 1323.43 763.417 1055.87 4.33788 3.77618 4.55771 0.319626 -2.59214 1.56454 0.595218 0.432385 0.511591 9.46737e-09 
150 1.754764 1169.6 695.824 999.797 4.56204 3.98017 4.9704 0.313753 -2.69228 1.60554 0.613532 0.473203 0.450117 9.2971e-09 
160 1.645092 1050.59 641.612 957.935 4.78966 4.18837 5.3984 0.307734 -2.78814 1.6461 0.631397 0.510642 0.402464 9.14079e-09 
170 1.548321 956.372 597.235 926.524 5.0201 4.40008 5.84072 0.30168 -2.87997 1.68616 0.648807 0.545005 0.364673 8.99678e-09 
180 1.462304 880.279 560.265 902.972 5.25281 4.61466 6.29687 0.295695 -2.96802 1.72567 0.665805 0.576543 0.334115 8.86334e-09 
190 1.385340 817.798 529.003 885.484 5.48763 4.83193 6.76655 0.289818 -3.0525 1.76462 0.68242 0.605466 0.308992 8.73922e-09 
200 1.316073 766.42 502.314 873.53 5.74108 5.06841 7.27121 0.28305 -3.13439 1.80299 0.699448 0.631953 0.28806 8.62298e-09 
210 1.253403 722.793 479.159 864.997 5.98858 5.29946 7.77874 0.276978 -3.21264 1.84079 0.715694 0.656156 0.270377 8.51474e-09 
220 1.196430 684.314 458.703 857.945 6.2011 5.4957 8.25091 0.273184 -3.28634 1.87803 0.730104 0.678208 0.255222 8.41293e-09 
230 1.144412 652.011 440.768 854.603 6.4415 5.7204 8.76998 0.268007 -3.35829 1.9147 0.745361 0.698225 0.242186 8.31684e-09 
240 1.096728 623.923 424.804 853.343 6.68264 5.94621 9.3002 0.263034 -3.42744 1.95082 0.760311 0.71631 0.230844 8.22606e-09 
250 1.052859 599.317 410.495 853.842 6.9248 6.17341 9.84189 0.258243 -3.49395 1.98641 0.774988 0.732553 0.220899 8.14007e-09 
260 1.012364 577.6 397.586 855.818 7.16752 6.40149 10.3942 0.253647 -3.5579 2.02148 0.789391 0.747036 0.212116 8.05846e-09 
270 0.974869 558.318 385.874 859.067 7.41111 6.63076 10.9575 0.249222 -3.61941 2.05604 0.803546 0.759832 0.204312 7.98085e-09 
280 0.940052 541.102 375.191 863.413 7.65566 6.86127 11.532 0.24496 -3.67859 2.0901 0.817484 0.771007 0.197336 7.90683e-09 
290 0.907637 526.1 365.479 869.456 7.92388 7.11591 12.1517 0.239982 -3.73637 2.12369 0.832056 0.780623 0.191098 7.83634e-09 
300 0.877382 512.117 356.463 875.532 8.16904 7.34757 12.7464 0.236102 -3.79106 2.15682 0.845505 0.788735 0.185437 7.76883e-09 
310 0.849080 499.432 348.128 882.307 8.41387 7.57915 13.3497 0.232397 -3.84361 2.1895 0.858716 0.795393 0.180302 7.70417e-09 
320 0.822546 487.913 340.402 889.761 8.66051 7.81277 13.965 0.228786 -3.89418 2.22175 0.871781 0.800645 0.175627 7.64216e-09 
330 0.797620 477.393 333.21 897.782 8.90775 8.04721 14.5904 0.225308 -3.94279 2.25358 0.884676 0.804535 0.171354 7.58254e-09 
340 0.774161 467.74 326.495 906.284 9.15454 8.28141 15.2239 0.221981 -3.98946 2.28501 0.897351 0.807103 0.167433 7.52523e-09 
350 0.752042 458.495 320.141 914.499 9.37523 8.48949 15.8234 0.219552 -4.03339 2.31604 0.908965 0.808387 0.163797 7.46972e-09 
360 0.731152 450.349 314.244 923.917 9.62455 8.72659 16.4785 0.216385 -4.07651 2.34669 0.9214 0.808423 0.16047 7.41644e-09 
370 0.711391 443.104 308.747 934.304 9.89655 8.98678 17.1795 0.212717 -4.11858 2.37697 0.934364 0.807243 0.157412 7.36547e-09 
380 0.692670 435.743 303.445 943.616 10.1161 9.19428 17.8012 0.210578 -4.15724 2.4069 0.945464 0.804881 0.154524 7.31555e-09 
390 0.674909 429.538 298.547 954.658 10.3909 9.45759 18.5252 0.20711 -4.19604 2.43648 0.958198 0.801364 0.151887 7.26791e-09 
400 0.658037 423.165 293.8 964.609 10.6124 9.66732 19.1656 0.205074 -4.23152 2.46573 0.969073 0.79672 0.149381 7.22119e-09 
410 0.641987 417.804 289.401 976.197 10.8895 9.93334 19.9109 0.201791 -4.26717 2.49465 0.981543 0.790978 0.147087 7.17667e-09 
420 0.626702 412.189 285.11 986.567 11.1081 10.1405 20.5619 0.199962 -4.29949 2.52325 0.992083 0.78416 0.144889 7.13268e-09 
430 0.612127 407.534 281.133 998.65 11.3893 10.4107 21.3318 0.196817 -4.33223 2.55155 1.00438 0.776292 0.142877 7.09085e-09 
440 0.598215 402.824 277.277 1010.06 11.6348 10.6453 22.0465 0.194547 -4.36244 2.57955 1.01549 0.767396 0.140958 7.04975e-09 
450 0.584921 398.262 273.571 1021.32 11.8651 10.8647 22.7402 0.192646 -4.39073 2.60727 1.02597 0.757494 0.13914 7.00976e-09 
460 0.572206 394.011 270.033 1032.87 12.1015 11.0902 23.4533 0.190689 -4.41788 2.6347 1.03658 0.746605 0.137429 6.97078e-09 
470 0.560031 390.337 266.705 1045.49 12.3784 11.3568 24.2493 0.188013 -4.44485 2.66186 1.04823 0.734751 0.135842 6.93342e-09 
480 0.548364 386.411 263.431 1056.99 12.5988 11.5665 24.9469 0.186473 -4.46884 2.68876 1.05813 0.721949 0.134301 6.89636e-09 
490 0.537173 382.916 260.327 1069.26 12.8475 11.8048 25.7047 0.184457 -4.49234 2.71539 1.06873 0.708219 0.13286 6.86067e-09 
500 0.526429 379.82 257.382 1082.25 13.1253 12.0726 26.5261 0.182001 -4.51539 2.74178 1.08003 0.693577 0.131513 6.82624e-09 
510 0.516107 376.684 254.51 1094.78 13.3762 12.3134 27.3042 0.180084 -4.53646 2.76792 1.09049 0.678039 0.130215 6.79229e-09 
520 0.506182 373.477 251.704 1106.75 13.5941 12.521 28.0245 0.178756 -4.55538 2.79383 1.09993 0.661623 0.128961 6.75881e-09 
530 0.496631 370.642 249.036 1119.47 13.8438 12.7607 28.814 0.176951 -4.574 2.8195 1.11016 0.644343 0.127787 6.7265e-09 
540 0.487435 367.936 246.46 1132.26 14.0924 12.9995 29.6085 0.175211 -4.59141 2.84494 1.12025 0.626214 0.126666 6.69496e-09 
550 0.478572 365.551 244.006 1145.76 14.3721 13.2697 30.473 0.173058 -4.60851 2.87017 1.13109 0.607251 0.125615 6.6645e-09 
560 0.470026 362.901 241.566 1158.13 14.5906 13.4783 31.2211 0.17186 -4.62285 2.89518 1.14021 0.587467 0.124577 6.63402e-09 
570 0.461780 360.738 239.271 1171.79 14.8712 13.7496 32.1024 0.169808 -4.63772 2.91998 1.15087 0.566876 0.123617 6.60494e-09 
580 0.453818 358.31 236.984 1184.32 15.0887 13.9574 32.8605 0.168681 -4.64983 2.94457 1.15977 0.54549 0.122667 6.57587e-09 
590 0.446127 356.16 234.799 1197.51 15.3378 14.1971 33.692 0.167158 -4.66176 2.96896 1.16948 0.523322 0.121772 6.54761e-09 
600 0.438691 354.251 232.706 1211.28 15.6138 14.464 34.5849 0.165315 -4.67327 2.99316 1.17972 0.500383 0.120928 6.52042e-09 
610 0.431499 352.3 230.653 1224.68 15.8679 14.7088 35.4411 0.163814 -4.68325 3.01717 1.18939 0.476687 0.120107 6.49337e-09 
620 0.424540 350.408 228.656 1238.07 16.1175 14.9493 36.2937 0.162402 -4.69207 3.04099 1.19883 0.452243 0.119317 6.46692e-09 
630 0.417801 348.418 226.685 1250.9 16.3323 15.1547 37.078 0.161444 -4.69902 3.06463 1.20733 0.427063 0.118542 6.44063e-09 
640 0.411273 346.842 224.827 1265.01 16.6158 15.4294 38.0167 0.159689 -4.70671 3.08808 1.21747 0.401157 0.117827 6.41559e-09 
650 0.404946 345.165 222.992 1278.56 16.8653 15.67 38.8891 0.158375 -4.7126 3.11137 1.22669 0.374535 0.117125 6.39069e-09 
660 0.398810 343.558 221.207 1292.19 17.1163 15.9122 39.7713 0.157076 -4.71758 3.13448 1.23589 0.347208 0.116449 6.36626e-09 
670 0.392858 341.856 219.441 1305.27 17.3325 16.1193 40.583 0.156189 -4.72078 3.15743 1.24416 0.319185 0.115783 6.34195e-09 
680 0.387080 340.351 217.745 1318.91 17.5789 16.357 41.467 0.154988 -4.72379 3.18021 1.2531 0.290476 0.115153 6.31842e-09 
690 0.381471 338.923 216.095 1332.7 17.8306 16.6 42.3695 0.153757 -4.72603 3.20283 1.26211 0.261089 0.114548 6.29535e-09 
700 0.376021 337.539 214.484 1346.49 18.0809 16.8417 43.2752 0.15257 -4.72735 3.22529 1.27102 0.231034 0.113963 6.27269e-09 
710 0.370725 336.337 212.936 1360.86 18.3636 17.1161 44.2608 0.151081 -4.72855 3.2476 1.28063 0.200319 0.11341 6.25076e-09 
720 0.365576 334.909 211.378 1374.17 18.5796 17.3234 45.1016 0.150288 -4.72733 3.26976 1.28862 0.168953 0.112851 6.22854e-09 
730 0.360568 333.662 209.88 1388.07 18.8291 17.5644 46.0242 0.149182 -4.72604 3.29177 1.29732 0.136944 0.112323 6.20705e-09 
740 0.355695 332.492 208.421 1402.15 19.0899 17.8168 46.9846 0.148012 -4.72432 3.31364 1.30638 0.104299 0.111815 6.18568e-09 
750 0.350953 331.29 206.985 1415.96 19.3283 18.047 47.8909 0.147043 -4.72101 3.33536 1.31462 0.0710265 0.111317 6.16502e-09 
760 0.346335 330.284 205.608 1430.48 19.6103 18.321 48.9065 0.145703 -4.71792 3.35694 1.32384 0.0371344 0.110849 6.14502e-09 
770 0.341837 329.203 204.242 1444.56 19.8632 18.5657 49.8613 0.144657 -4.71339 3.37839 1.33237 0.00262975 0.110386 6.12501e-09 
780 0.337455 328.017 202.881 1458.05 20.0763 18.7704 50.7296 0.143984 -4.70722 3.3997 1.34 -0.0324802 0.109923 6.10485e-09 
790 0.333183 326.997 201.572 1472.15 20.3261 19.0122 51.6884 0.142998 -4.70104 3.42087 1.34835 -0.0681884 0.109487 6.08548e-09 
800 0.329018 325.967 200.283 1486.09 20.5656 19.2434 52.6337 0.142134 -4.694 3.44193 1.35656 -0.104488 0.109059 6.066e-09 
810 0.324956 325.042 199.033 1500.4 20.825 19.495 53.6262 0.141101 -4.68645 3.46285 1.36498 -0.141372 0.108652 6.04739e-09 
820 0.320993 324.111 197.803 1514.57 21.0741 19.7362 54.6008 0.140176 -4.67796 3.48364 1.37315 -0.178835 0.108252 6.02891e-09 
830 0.317126 323.354 196.622 1529.46 21.3699 20.0244 55.6949 0.138898 -4.66972 3.50431 1.38227 -0.216869 0.107879 6.01115e-09 
840 0.313351 322.434 195.432 1543.48 21.6077 20.2542 56.6589 0.138114 -4.65962 3.52487 1.39023 -0.255469 0.107498 5.99286e-09 
850 0.309664 321.576 194.272 1557.7 21.8554 20.4942 57.6476 0.137253 -4.64888 3.5453 1.39821 -0.294628 0.107131 5.9752e-09 
860 0.306064 320.65 193.119 1571.49 22.0722 20.703 58.5672 0.136643 -4.63682 3.56561 1.40554 -0.334341 0.106765 5.95744e-09 
870 0.302546 319.988 192.027 1586.48 22.3699 20.9934 59.6917 0.135441 -4.62571 3.58581 1.4145 -0.374601 0.106431 5.94072e-09 
880 0.299108 319.053 190.907 1600.02 22.5685 21.1839 60.5813 0.134998 -4.61198 3.60591 1.42148 -0.415404 0.106079 5.92306e-09 
890 0.295747 318.397 189.851 1614.88 22.8524 21.4605 61.6775 0.13392 -4.59904 3.62588 1.42991 -0.456742 0.105761 5.90699e-09 
900 0.292461 317.566 188.78 1628.76 23.0702 21.6705 62.624 0.133353 -4.58431 3.64575 1.43718 -0.498612 0.105432 5.89006e-09 
910 0.289247 316.933 187.758 1643.57 23.3516 21.9445 63.7336 0.132347 -4.57014 3.66551 1.44564 -0.541006 0.105128 5.87405e-09 
920 0.286103 316.145 186.725 1657.51 23.5706 22.1557 64.6946 0.131794 -4.55412 3.68516 1.45288 -0.583921 0.104816 5.85754e-09 
930 0.283027 315.474 185.728 1671.97 23.8215 22.3994 65.7306 0.131007 -4.53782 3.70471 1.46047 -0.627352 0.104521 5.84205e-09 
940 0.280016 314.801 184.743 1686.34 24.0702 22.6405 66.7815 0.130282 -4.52118 3.72416 1.46831 -0.671292 0.104231 5.82607e-09 
950 0.277068 314.156 183.778 1700.79 24.3183 22.8813 67.8222 0.129541 -4.50355 3.7435 1.47578 -0.715737 0.103949 5.81091e-09 
960 0.274182 313.655 182.848 1715.95 24.6195 23.1755 69.0135 0.128491 -4.48648 3.76275 1.48442 -0.760682 0.103686 5.79611e-09 
970 0.271355 312.909 181.893 1729.7 24.8169 23.3653 69.9416 0.128113 -4.46678 3.7819 1.491 -0.806123 0.103405 5.78056e-09 
980 0.268586 312.388 180.987 1744.62 25.0967 23.6382 71.0823 0.127213 -4.44788 3.80094 1.49899 -0.852055 0.103151 5.76623e-09 
990 0.265873 311.727 180.071 1758.7 25.3147 23.8487 72.0732 0.12672 -4.42733 3.8199 1.5059 -0.898473 0.102887 5.75127e-09 
1000 0.263215 311.159 179.181 1773.22 25.5647 24.0915 73.1517 0.126036 -4.40675 3.83877 1.51336 -0.945373 0.102638 5.73683e-09 
