#Model parameters: ε_Inf=4.800000 ε_S=29.400000 freq=7.28271e+12 mb=0.140000 
#Params in SI: ω =4.57586e+13 mb=1.27531e-31 
#Alpha parameter: α = 1.386311  
# CsSnCl3 
# Ts, βreds, Kμs, Hμs, FHIPμs, vs, ws, ks, Ms, As, Bs, Cs, Fs, Taus, rfsis
#  1    2     3    4     5     6   7    8  9   10  11  12  13  14 15
10 34.951454 1.13654e+17 4.81294e+15 4.87766e+15 3.07284 2.72144 2.0361 0.274917 -0.748073 1.45224 0.487704 -1.19187 7.24692e+13 1.37376e-08 
20 17.475727 2.88208e+09 2.41512e+08 2.47379e+08 2.98524 2.62286 2.03225 0.295412 -0.924656 1.46585 0.491002 -1.0322 1.86724e+06 1.35532e-08 
30 11.650485 8.37116e+06 1.04415e+06 1.07779e+06 2.8985 2.52346 2.03347 0.319335 -1.07964 1.48079 0.495007 -0.896155 5523.66 1.33509e-08 
40 8.737863 446846 73941.8 76708.5 2.83329 2.44255 2.06148 0.345536 -1.22278 1.49766 0.50161 -0.776487 300.704 1.31098e-08 
50 6.990291 76362.6 15750.7 16386.2 2.78336 2.37433 2.10964 0.374219 -1.35697 1.51741 0.510026 -0.670463 52.4836 1.28446e-08 
60 5.825242 23380.2 5768.31 6020.39 2.78648 2.35526 2.21719 0.39969 -1.48726 1.5407 0.523241 -0.576686 16.3669 1.25363e-08 
70 4.993065 9999.6 2863.33 3004.05 2.83093 2.37509 2.37309 0.420681 -1.61348 1.56766 0.539748 -0.493921 7.10502 1.22137e-08 
80 4.368932 5276.18 1712.64 1811.49 2.90646 2.42478 2.56794 0.436757 -1.73537 1.59794 0.558281 -0.420853 3.79131 1.18968e-08 
90 3.883495 3205.51 1157.17 1238.13 3.00631 2.49839 2.79595 0.44793 -1.85288 1.631 0.578043 -0.356168 2.3213 1.15956e-08 
100 3.495145 2150.9 850.146 923.095 3.12263 2.58869 3.0495 0.45506 -1.96584 1.66626 0.598243 -0.298659 1.56526 1.13159e-08 
110 3.177405 1552.21 663.08 732.772 3.25157 2.69214 3.32508 0.458784 -2.07443 1.70316 0.618538 -0.247272 1.13247 1.10583e-08 
120 2.912621 1183.42 540.497 609.461 3.39025 2.80602 3.62004 0.45976 -2.17884 1.74125 0.638715 -0.201123 0.863986 1.08218e-08 
130 2.688573 941.407 455.537 525.227 3.53644 2.92819 3.93214 0.458598 -2.27929 1.78014 0.658628 -0.15948 0.686751 1.0605e-08 
140 2.496532 774.934 394.012 465.606 3.69658 3.06502 4.27035 0.454567 -2.37662 1.81954 0.678817 -0.121743 0.563748 1.04042e-08 
150 2.330097 654.876 347.795 421.577 3.85415 3.20013 4.61366 0.450516 -2.46988 1.85922 0.698081 -0.0874234 0.475082 1.02208e-08 
160 2.184466 565.264 312.033 388.148 4.00709 3.33141 4.95845 0.446776 -2.55919 1.899 0.71631 -0.0561196 0.409015 1.00527e-08 
170 2.055968 497.147 283.717 362.71 4.1717 3.47502 5.32732 0.441158 -2.646 1.93872 0.734786 -0.0275018 0.35833 9.89563e-09 
180 1.941747 443.859 260.808 342.881 4.33916 3.62214 5.70844 0.435099 -2.72989 1.97829 0.752896 -0.0012972 0.318576 9.74957e-09 
190 1.839550 401.33 241.945 327.251 4.50923 3.77248 6.10156 0.428734 -2.81102 2.01763 0.770663 0.0227214 0.286774 9.61329e-09 
200 1.747573 366.78 226.171 314.82 4.681 3.92511 6.50524 0.42224 -2.88947 2.05669 0.788043 0.0447447 0.260895 9.48591e-09 
210 1.664355 338.3 212.805 304.893 4.8549 4.08041 6.92027 0.415638 -2.96546 2.09541 0.805116 0.0649339 0.23952 9.36634e-09 
220 1.588702 314.496 201.344 296.936 5.03003 4.23745 7.34526 0.409071 -3.03904 2.13377 0.821849 0.0834262 0.221633 9.25387e-09 
230 1.519628 294.377 191.416 290.575 5.20676 4.39655 7.78068 0.402526 -3.11036 2.17174 0.838284 0.100339 0.206491 9.1478e-09 
240 1.456311 277.389 182.762 285.711 5.39433 4.567 8.24128 0.395123 -3.18008 2.20931 0.854999 0.115775 0.193548 9.04718e-09 
250 1.398058 262.373 175.081 281.505 5.56352 4.71935 8.68052 0.389745 -3.24657 2.24647 0.870279 0.129823 0.182365 8.95249e-09 
260 1.344287 249.719 168.315 278.645 5.75663 4.89614 9.16658 0.382383 -3.31243 2.28322 0.886652 0.142559 0.17265 8.8618e-09 
270 1.294498 238.202 162.202 276.017 5.92354 5.04695 9.61665 0.377543 -3.37477 2.31956 0.901158 0.154053 0.164111 8.77648e-09 
280 1.248266 228.251 156.732 274.282 6.10492 5.21262 10.0986 0.371664 -3.4361 2.35548 0.916251 0.164366 0.156584 8.69461e-09 
290 1.205223 219.444 151.786 273.116 6.2885 5.38083 10.5919 0.365826 -3.49573 2.391 0.931183 0.173551 0.149901 8.61646e-09 
300 1.165048 211.767 147.319 272.649 6.48642 5.56384 11.1174 0.359131 -3.55436 2.4261 0.946598 0.181657 0.143948 8.54168e-09 
310 1.127466 204.633 143.197 272.247 6.66533 5.7279 11.6178 0.354107 -3.61033 2.46082 0.960781 0.188729 0.138585 8.47013e-09 
320 1.092233 198.121 139.401 272.086 6.83717 5.88511 12.1123 0.349718 -3.66428 2.49514 0.974338 0.194805 0.133739 8.40167e-09 
330 1.059135 192.357 135.926 272.425 7.02126 6.05493 12.6359 0.344657 -3.71732 2.52907 0.98833 0.199923 0.129362 8.33578e-09 
340 1.027984 187.249 132.735 273.228 7.21855 6.2383 13.191 0.338957 -3.76953 2.56263 1.00279 0.204116 0.125393 8.27233e-09 
350 0.998613 182.342 129.732 273.892 7.39065 6.39649 13.7065 0.334999 -3.81898 2.59582 1.01574 0.207414 0.121746 8.21143e-09 
360 0.970874 177.969 126.959 274.962 7.57586 6.56812 14.2534 0.330397 -3.86768 2.62865 1.02918 0.209845 0.118416 8.15264e-09 
370 0.944634 173.953 124.37 276.223 7.76135 6.74024 14.8077 0.325939 -3.91501 2.66113 1.04244 0.211435 0.115356 8.09593e-09 
380 0.919775 170.372 121.968 277.848 7.96123 6.92709 15.3966 0.320867 -3.96169 2.69326 1.05622 0.212209 0.11255 8.04116e-09 
390 0.896191 166.842 119.674 279.252 8.13367 7.0864 15.9395 0.317412 -4.00577 2.72506 1.06851 0.212188 0.10993 7.98817e-09 
400 0.873786 163.675 117.535 280.976 8.31938 7.25931 16.5144 0.313381 -4.04919 2.75653 1.08126 0.211395 0.107513 7.93698e-09 
410 0.852474 160.736 115.519 282.828 8.50532 7.43263 17.0965 0.309473 -4.0914 2.78769 1.09386 0.209848 0.105268 7.88739e-09 
420 0.832177 158.009 113.615 284.811 8.69289 7.60774 17.6887 0.305623 -4.1325 2.81853 1.10641 0.207566 0.103178 7.83926e-09 
430 0.812825 155.56 111.831 287.073 8.89464 7.79734 18.3161 0.30126 -4.17305 2.84906 1.11942 0.204566 0.101239 7.79272e-09 
440 0.794351 153.17 110.12 289.236 9.08079 7.97133 18.9186 0.297734 -4.21177 2.8793 1.1316 0.200866 0.0994134 7.74745e-09 
450 0.776699 150.847 108.48 291.323 9.25311 8.13151 19.4987 0.294891 -4.24875 2.90925 1.14302 0.19648 0.0976914 7.70341e-09 
460 0.759814 148.844 106.951 293.842 9.45528 8.32197 20.1471 0.290911 -4.28597 2.93892 1.15562 0.191423 0.0960977 7.66077e-09 
470 0.743648 146.875 105.478 296.259 9.64249 8.49747 20.7708 0.287656 -4.32146 2.96831 1.16744 0.185709 0.0945876 7.61921e-09 
480 0.728155 145.029 104.073 298.759 9.83093 8.67433 21.4031 0.284449 -4.35597 2.99743 1.17918 0.179352 0.093166 7.5788e-09 
490 0.713295 143.202 102.715 301.143 10.0031 8.83493 22.0069 0.281937 -4.38879 3.02629 1.19013 0.172364 0.0918129 7.5393e-09 
500 0.699029 141.558 101.429 303.76 10.1909 9.01132 22.6497 0.278924 -4.42126 3.05489 1.20161 0.164757 0.0905451 7.50094e-09 
510 0.685323 140.003 100.198 306.432 10.3787 9.18796 23.299 0.275993 -4.45277 3.08325 1.21299 0.156542 0.0893455 7.46354e-09 
520 0.672143 138.607 99.0302 309.324 10.5826 9.3809 23.9898 0.272607 -4.48399 3.11135 1.22491 0.147731 0.0882195 7.42718e-09 
530 0.659461 137.137 97.8812 311.929 10.7546 9.54178 24.6159 0.270369 -4.51297 3.13922 1.23542 0.138334 0.0871304 7.39147e-09 
540 0.647249 135.812 96.7899 314.745 10.9426 9.71886 25.2833 0.267672 -4.54169 3.16685 1.24648 0.128362 0.0861059 7.35672e-09 
550 0.635481 134.555 95.7395 317.605 11.1307 9.8962 25.9569 0.265043 -4.56953 3.19426 1.25744 0.117824 0.0851316 7.32277e-09 
560 0.624133 133.427 94.7403 320.67 11.3355 10.0905 26.6746 0.261982 -4.59714 3.22144 1.26896 0.106729 0.084214 7.28975e-09 
570 0.613183 132.22 93.7516 323.444 11.5071 10.2515 27.3221 0.259981 -4.62258 3.24841 1.27909 0.0950862 0.0833198 7.25719e-09 
580 0.602611 131.135 92.8095 326.416 11.6954 10.4292 28.0132 0.257548 -4.64783 3.27516 1.28977 0.0829046 0.0824762 7.22549e-09 
590 0.592398 130.099 91.8993 329.421 11.8837 10.6072 28.7103 0.255175 -4.67225 3.3017 1.30036 0.0701925 0.0816704 7.19447e-09 
600 0.582524 129.156 91.0284 332.576 12.084 10.7974 29.4402 0.252524 -4.69626 3.32803 1.31127 0.0569579 0.0809069 7.16436e-09 
610 0.572975 128.18 90.1708 335.565 12.2648 10.9679 30.1319 0.250486 -4.71884 3.35417 1.32146 0.0432084 0.0801653 7.13443e-09 
620 0.563733 127.261 89.3434 338.62 12.449 11.1419 30.8358 0.248392 -4.7407 3.38011 1.33164 0.0289517 0.079457 7.10528e-09 
630 0.554785 126.457 88.5568 341.908 12.6547 11.3379 31.5943 0.24578 -4.76246 3.40586 1.34241 0.014195 0.0787899 7.07723e-09 
640 0.546116 125.589 87.7741 344.951 12.8329 11.5059 32.2968 0.243959 -4.78266 3.43142 1.3523 -0.00105461 0.0781348 7.04894e-09 
650 0.537715 124.828 87.0294 348.219 13.0315 11.6948 33.0497 0.241646 -4.80266 3.45679 1.36266 -0.0167904 0.077517 7.02189e-09 
660 0.529567 124.003 86.2867 351.238 13.2018 11.8551 33.7445 0.2401 -4.82115 3.482 1.37216 -0.0330056 0.0769085 6.9945e-09 
670 0.521663 123.273 85.5776 354.461 13.3919 12.0355 34.4911 0.238112 -4.83955 3.50702 1.38222 -0.049694 0.0763332 6.96802e-09 
680 0.513992 122.622 84.8983 357.852 13.5983 12.2324 35.2812 0.235786 -4.85769 3.53187 1.39268 -0.0668493 0.0757877 6.94243e-09 
690 0.506543 121.892 84.2177 360.954 13.7692 12.3936 35.9891 0.234302 -4.87393 3.55654 1.40186 -0.0844654 0.0752462 6.91688e-09 
700 0.499306 121.238 83.5643 364.218 13.9568 12.5717 36.7441 0.232486 -4.89008 3.58105 1.41156 -0.102537 0.0747318 6.89193e-09 
710 0.492274 120.66 82.9378 367.66 14.1637 12.7693 37.5533 0.230309 -4.90621 3.6054 1.42187 -0.121057 0.0742443 6.86761e-09 
720 0.485437 120.009 82.3099 370.829 14.3358 12.9319 38.2791 0.228894 -4.92047 3.62959 1.4309 -0.140021 0.0737591 6.84339e-09 
730 0.478787 119.425 81.7059 374.149 14.524 13.1109 39.051 0.227178 -4.93461 3.65361 1.44042 -0.159424 0.0732976 6.81976e-09 
740 0.472317 118.864 81.1173 377.492 14.7131 13.2908 39.8303 0.225482 -4.94814 3.67749 1.44991 -0.179259 0.0728523 6.79653e-09 
750 0.466019 118.368 80.5524 380.996 14.9187 13.4876 40.6531 0.223474 -4.9614 3.7012 1.45972 -0.199523 0.0724293 6.77423e-09 
760 0.459888 117.841 79.9902 384.359 15.1087 13.6683 41.4499 0.221868 -4.97386 3.72478 1.46929 -0.220209 0.0720126 6.75139e-09 
770 0.453915 117.29 79.4344 387.595 15.2791 13.8295 42.1952 0.220622 -4.98486 3.74821 1.47797 -0.241314 0.0716027 6.72913e-09 
780 0.448096 116.801 78.8996 390.991 15.4679 14.0093 42.9937 0.219064 -4.99586 3.7715 1.4872 -0.262832 0.071213 6.7074e-09 
790 0.442423 116.37 78.3851 394.543 15.6741 14.2069 43.8409 0.217211 -5.00672 3.79463 1.49685 -0.284759 0.0708425 6.6864e-09 
800 0.436893 115.87 77.8658 397.821 15.8455 14.3692 44.606 0.216036 -5.01605 3.81764 1.5055 -0.30709 0.07047 6.66497e-09 
810 0.431499 115.479 77.3758 401.434 16.0571 14.5723 45.4786 0.214166 -5.0259 3.8405 1.51522 -0.32982 0.0701241 6.64464e-09 
820 0.426237 114.998 76.877 404.698 16.2233 14.7294 46.2378 0.213121 -5.03387 3.86324 1.52357 -0.352947 0.0697721 6.62387e-09 
830 0.421102 114.693 76.4182 408.547 16.465 14.9629 47.2071 0.21085 -5.04363 3.88585 1.53425 -0.376465 0.0694568 6.60418e-09 
840 0.416089 114.18 75.9296 411.617 16.6008 15.0897 47.8886 0.210317 -5.04938 3.90832 1.54143 -0.40037 0.0691153 6.584e-09 
850 0.411194 113.789 75.4707 415.092 16.7895 15.2698 48.721 0.208953 -5.05628 3.93066 1.55028 -0.424658 0.0688011 6.56452e-09 
860 0.406412 113.446 75.0275 418.711 16.9966 15.4685 49.6094 0.207331 -5.0632 3.95288 1.55965 -0.449325 0.068502 6.54547e-09 
870 0.401741 113.08 74.5872 422.213 17.1864 15.6498 50.4536 0.206003 -5.06901 3.97497 1.5684 -0.474368 0.0682058 6.5266e-09 
880 0.397176 112.685 74.1479 425.574 17.3566 15.8114 51.2517 0.205007 -5.07379 3.99695 1.57662 -0.499783 0.0679113 6.50758e-09 
890 0.392713 112.376 73.7314 429.228 17.5639 16.0106 52.1519 0.203449 -5.07897 4.0188 1.58573 -0.525566 0.0676373 6.48959e-09 
900 0.388349 112.038 73.3156 432.747 17.753 16.1913 53.0101 0.202207 -5.0832 4.04054 1.59437 -0.551713 0.0673645 6.47139e-09 
910 0.384082 111.71 72.9076 436.275 17.9422 16.3722 53.8739 0.200985 -5.08693 4.06217 1.60299 -0.578221 0.0670991 6.45343e-09 
920 0.379907 111.392 72.5077 439.813 18.1308 16.5526 54.7375 0.19978 -5.09003 4.08367 1.61144 -0.605086 0.0668409 6.43588e-09 
930 0.375822 111.049 72.1091 443.226 18.3007 16.7141 55.5526 0.198855 -5.09209 4.10507 1.61933 -0.632306 0.0665839 6.41834e-09 
940 0.371824 110.749 71.7234 446.779 18.4895 16.8948 56.427 0.197688 -5.09422 4.12635 1.62775 -0.659876 0.066339 6.40119e-09 
950 0.367910 110.486 71.35 450.462 18.6963 17.0936 57.3583 0.196304 -5.09639 4.14753 1.63666 -0.687793 0.0661054 6.38441e-09 
960 0.364078 110.2 70.9773 454.024 18.8855 17.2747 58.2467 0.195187 -5.09764 4.1686 1.64509 -0.716055 0.0658724 6.36752e-09 
970 0.360324 109.894 70.6071 457.481 19.0561 17.4372 59.0778 0.194298 -5.09765 4.18956 1.65275 -0.744658 0.0656409 6.35106e-09 
980 0.356647 109.624 70.2478 461.062 19.2449 17.6181 59.9701 0.193205 -5.09781 4.21042 1.66099 -0.7736 0.0654197 6.33479e-09 
990 0.353045 109.549 69.9271 465.444 19.5534 17.9196 61.2243 0.190663 -5.10101 4.23117 1.67271 -0.802876 0.0652352 6.31962e-09 
1000 0.349515 109.136 69.5529 468.376 19.6415 17.9991 61.8216 0.190827 -5.09717 4.25182 1.67783 -0.832485 0.0649985 6.30316e-09 
