#Model parameters: ε_Inf=4.500000 ε_S=24.100000 freq=2.25e+12 mb=0.120000 
#Params in SI: ω =1.41372e+13 mb=1.09313e-31 
#Alpha parameter: α = 2.393991  
# MAPI-electron 
# Ts, βreds, Kμs, Hμs, FHIPμs, vs, ws, ks, Ms, As, Bs, Cs, Fs, Taus, rfsis
#  1    2     3    4     5     6   7    8  9   10  11  12  13  14 15
10 10.798284 5.9535e+06 823637 827006 3.06536 2.33988 3.92137 0.716227 -1.59901 2.66327 0.90147 -1.96573 4380.13 5.49551e-09 
20 5.399142 24168.8 6881.12 6714.63 3.05118 2.19301 4.5004 0.935774 -2.08283 2.79976 0.971927 -1.68885 20.0563 5.11793e-09 
30 3.599428 3692.7 1571.84 1538.87 3.3919 2.37448 5.86686 1.04057 -2.52871 2.98826 1.08475 -1.5443 3.23023 4.72612e-09 
40 2.699571 1444.65 781.905 802.713 3.87652 2.71334 7.66518 1.04115 -2.92202 3.20332 1.19966 -1.48097 1.26409 4.42024e-09 
50 2.159657 834.116 523.572 579.339 4.42024 3.12925 9.74632 0.995313 -3.26948 3.4255 1.30747 -1.46349 0.713472 4.1859e-09 
60 1.799714 586.597 404.368 488.908 4.99416 3.58994 12.054 0.935312 -3.58 3.64558 1.40786 -1.47344 0.486665 4.00085e-09 
70 1.542612 461.332 337.736 448.588 5.58532 4.07896 14.5579 0.87498 -3.86016 3.85979 1.50178 -1.5014 0.370809 3.85001e-09 
80 1.349786 388.522 295.658 431.759 6.18737 4.58742 17.2391 0.819178 -4.11471 4.0668 1.59021 -1.5423 0.302991 3.72376e-09 
90 1.199809 342.62 266.866 428.343 6.81102 5.1246 20.1284 0.766457 -4.34838 4.26633 1.67525 -1.5932 0.259451 3.61566e-09 
100 1.079828 310.294 245.619 431.033 7.40987 5.64166 23.0779 0.725075 -4.55994 4.45869 1.75356 -1.65231 0.229468 3.52203e-09 
110 0.981662 287.521 229.445 439.337 8.02675 6.18165 26.216 0.686051 -4.75539 4.64421 1.82966 -1.71848 0.207816 3.43933e-09 
120 0.899857 271.015 216.705 451.764 8.66673 6.74894 29.5641 0.649073 -4.93691 4.82338 1.90441 -1.79088 0.19159 3.36536e-09 
130 0.830637 257.811 206.176 465.566 9.28334 7.2956 32.9546 0.619148 -5.10202 4.9967 1.97425 -1.86893 0.178948 3.29898e-09 
140 0.771306 247.62 197.424 481.56 9.9105 7.85635 36.4958 0.591291 -5.25425 5.16453 2.04192 -1.95219 0.168918 3.23901e-09 
150 0.719886 239.355 189.923 498.734 10.5381 8.41914 40.1691 0.566705 -5.3952 5.32746 2.10806 -2.04032 0.160757 3.18362e-09 
160 0.674893 233.043 183.534 517.955 11.194 9.01382 44.0567 0.542244 -5.52609 5.48566 2.17346 -2.13303 0.154074 3.13309e-09 
170 0.635193 226.904 177.702 535.832 11.7836 9.54221 47.8003 0.524968 -5.64245 5.63966 2.23286 -2.23007 0.148335 3.0861e-09 
180 0.599905 221.993 172.583 555.071 12.3921 10.0919 51.7183 0.507804 -5.75009 5.78964 2.29171 -2.33126 0.143491 3.04255e-09 
190 0.568331 218.159 168.066 575.789 13.0305 10.6739 55.8621 0.490314 -5.85031 5.93587 2.35085 -2.43641 0.139377 3.00198e-09 
200 0.539914 214.482 163.89 595.878 13.6289 11.2166 59.9343 0.476377 -5.93923 6.07864 2.40596 -2.54537 0.135746 2.96401e-09 
210 0.514204 211.545 160.136 617.104 14.2529 11.7868 64.2163 0.462229 -6.02159 6.21816 2.46143 -2.658 0.132604 2.92829e-09 
220 0.490831 208.995 156.692 638.696 14.8766 12.358 68.5937 0.449144 -6.09608 6.35463 2.51561 -2.77416 0.129833 2.89465e-09 
230 0.469491 206.769 153.516 660.619 15.5009 12.9309 73.0683 0.436987 -6.16315 6.48825 2.56866 -2.89376 0.127373 2.86286e-09 
240 0.449929 205.059 150.622 683.639 16.158 13.5385 77.7912 0.424416 -6.22497 6.61915 2.62248 -3.01667 0.125215 2.83279e-09 
250 0.431931 203.078 147.824 705.243 16.7472 14.0779 82.282 0.415175 -6.27611 6.74753 2.67139 -3.1428 0.1232 2.80417e-09 
260 0.415319 201.55 145.26 727.936 17.3713 14.6538 87.0274 0.405281 -6.32273 6.87349 2.72132 -3.27207 0.121419 2.77699e-09 
270 0.399936 200.167 142.849 750.747 17.9912 15.2265 91.8383 0.39612 -6.36285 6.99716 2.77006 -3.40438 0.1198 2.75109e-09 
280 0.385653 198.965 140.585 773.875 18.617 15.8059 96.7665 0.387335 -6.39736 7.11868 2.81833 -3.53965 0.118331 2.72633e-09 
290 0.372355 197.873 138.446 797.114 19.2398 16.3832 101.763 0.379132 -6.4259 7.23813 2.86557 -3.67781 0.116985 2.70267e-09 
300 0.359943 197.045 136.451 821.15 19.8923 16.9913 106.998 0.370614 -6.45042 7.35563 2.91358 -3.81879 0.115776 2.68004e-09 
310 0.348332 196 134.498 844.024 20.4836 17.5381 111.99 0.364094 -6.46638 7.47125 2.95764 -3.96252 0.114615 2.65827e-09 
320 0.337446 195.345 132.699 868.34 21.1367 18.1484 117.396 0.356431 -6.48036 7.5851 3.00419 -4.10893 0.11359 2.63742e-09 
330 0.327221 194.478 130.93 891.499 21.7277 18.6964 122.541 0.350562 -6.48617 7.69723 3.04691 -4.25797 0.112596 2.6173e-09 
340 0.317597 193.827 129.268 915.438 22.3508 19.2774 127.939 0.344274 -6.48879 7.80774 3.09062 -4.40957 0.111697 2.59796e-09 
350 0.308522 193.223 127.678 939.428 22.9705 19.8557 133.393 0.338347 -6.48651 7.91668 3.13353 -4.56369 0.110858 2.57932e-09 
360 0.299952 192.764 126.171 963.971 23.6135 20.4582 139.059 0.33225 -6.48085 8.02412 3.177 -4.72027 0.110091 2.56134e-09 
370 0.291846 192.281 124.713 988.269 24.2381 21.0427 144.689 0.326763 -6.46973 8.13011 3.21888 -4.87926 0.109363 2.544e-09 
380 0.284165 191.844 123.313 1012.67 24.8645 21.6294 150.411 0.321506 -6.45457 8.23473 3.26045 -5.04061 0.108682 2.52718e-09 
390 0.276879 191.32 121.943 1036.48 25.4538 22.1791 155.981 0.31709 -6.43347 8.33801 3.29973 -5.20427 0.108023 2.51088e-09 
400 0.269957 191.045 120.663 1061.53 26.1051 22.7922 161.993 0.311834 -6.41115 8.44001 3.34135 -5.3702 0.107437 2.49518e-09 
410 0.263373 190.599 119.392 1085.53 26.6952 23.3437 167.707 0.30776 -6.38214 8.54077 3.37974 -5.53837 0.106854 2.47986e-09 
420 0.257102 190.369 118.199 1110.66 27.3427 23.9538 173.838 0.302967 -6.35178 8.64033 3.42017 -5.70872 0.106333 2.4651e-09 
430 0.251123 190.071 117.03 1135.33 27.961 24.5348 179.861 0.298794 -6.31641 8.73874 3.45889 -5.88122 0.105827 2.45072e-09 
440 0.245416 189.814 115.903 1160.16 28.5844 25.1214 185.984 0.294705 -6.27759 8.83603 3.49738 -6.05583 0.105351 2.43676e-09 
450 0.239962 189.709 114.835 1185.87 29.2534 25.7547 192.456 0.290148 -6.23695 8.93224 3.53722 -6.23251 0.104922 2.4233e-09 
460 0.234745 189.265 113.739 1209.39 29.7941 26.2583 198.193 0.287445 -6.18775 9.02742 3.57156 -6.41123 0.104457 2.40995e-09 
470 0.229751 189.053 112.712 1234.29 30.411 26.8394 204.475 0.283855 -6.13826 9.12159 3.60863 -6.59196 0.10405 2.39707e-09 
480 0.224964 188.938 111.729 1259.78 31.0575 27.4511 211.009 0.280016 -6.08651 9.21477 3.6464 -6.77466 0.103675 2.38462e-09 
490 0.220373 188.764 110.763 1284.85 31.6761 28.0348 217.43 0.276647 -6.03042 9.30701 3.68271 -6.9593 0.103307 2.37243e-09 
500 0.215966 188.598 109.824 1309.92 32.2919 28.6159 223.897 0.273422 -5.97105 9.39832 3.71858 -7.14585 0.102955 2.36053e-09 
510 0.211731 188.465 108.914 1335.17 32.9155 29.2053 230.477 0.270211 -5.90883 9.48874 3.75438 -7.33428 0.102623 2.34894e-09 
520 0.207659 188.331 108.026 1360.39 33.5334 29.7894 237.082 0.267162 -5.84334 9.57829 3.78962 -7.52456 0.102304 2.33763e-09 
530 0.203741 188.209 107.163 1385.65 34.1511 30.3735 243.747 0.26421 -5.77485 9.66699 3.82452 -7.71667 0.102 2.32658e-09 
540 0.199968 188.097 106.322 1410.95 34.7688 30.958 250.474 0.261347 -5.70341 9.75487 3.85911 -7.91057 0.101708 2.31579e-09 
550 0.196332 187.996 105.503 1436.31 35.3864 31.5426 257.261 0.258569 -5.6291 9.84196 3.89338 -8.10624 0.10143 2.30525e-09 
560 0.192827 187.904 104.704 1461.71 36.0038 32.1273 264.105 0.255875 -5.55195 9.92827 3.92734 -8.30366 0.101163 2.29494e-09 
570 0.189444 187.814 103.925 1487.09 36.6174 32.7086 270.982 0.253289 -5.47187 10.0138 3.96085 -8.50279 0.100906 2.28486e-09 
580 0.186177 187.744 103.166 1512.62 37.238 33.2971 277.97 0.250718 -5.38939 10.0986 3.99439 -8.70363 0.100662 2.27499e-09 
590 0.183022 187.635 102.418 1537.81 37.8334 33.8604 284.836 0.248434 -5.30331 10.1827 4.02672 -8.90614 0.10042 2.2653e-09 
600 0.179971 187.614 101.7 1563.7 38.4716 34.4674 292.063 0.245844 -5.21608 10.2661 4.06026 -9.11029 0.1002 2.25589e-09 
610 0.177021 187.58 100.996 1589.47 39.0997 35.0644 299.274 0.24341 -5.12589 10.3488 4.09316 -9.31608 0.0999863 2.24666e-09 
620 0.174166 187.511 100.302 1614.93 39.702 35.6358 306.336 0.241226 -5.03198 10.4308 4.12462 -9.52347 0.099774 2.23766e-09 
630 0.171401 187.488 99.6274 1640.78 40.3334 36.2363 313.716 0.238918 -4.9373 10.5122 4.15751 -9.73246 0.099576 2.22869e-09 
640 0.168723 187.428 98.9626 1666.29 40.937 36.8092 320.922 0.236856 -4.83884 10.593 4.18884 -9.943 0.0993788 2.21996e-09 
650 0.166127 187.413 98.3177 1692.19 41.5661 37.408 328.384 0.234667 -4.739 10.6731 4.22096 -10.1551 0.0991951 2.21139e-09 
660 0.163610 187.381 97.6834 1717.93 42.1805 37.9922 335.782 0.232631 -4.63616 10.7527 4.25222 -10.3687 0.0990144 2.20299e-09 
670 0.161168 187.458 97.0776 1744.67 42.863 38.6455 343.757 0.230172 -4.5333 10.8316 4.28556 -10.5838 0.0988573 2.19483e-09 
680 0.158798 187.331 96.4546 1769.52 43.4082 39.1605 350.724 0.228701 -4.42333 10.9099 4.31387 -10.8005 0.0986723 2.1867e-09 
690 0.156497 187.302 95.8577 1795.27 44.0147 39.7376 358.211 0.226848 -4.31317 10.9877 4.34403 -11.0186 0.0985085 2.17879e-09 
700 0.154261 187.289 95.2741 1821.16 44.6302 40.324 365.831 0.224985 -4.20121 11.0649 4.3744 -11.2381 0.0983521 2.171e-09 
710 0.152089 187.265 94.7 1846.94 45.2349 40.8996 373.415 0.22323 -4.08665 11.1416 4.40415 -11.4591 0.0981986 2.16335e-09 
720 0.149976 187.273 94.1408 1873.03 45.8605 41.4965 381.222 0.221389 -3.9707 11.2177 4.43447 -11.6815 0.0980547 2.15584e-09 
730 0.147922 187.271 93.5905 1899.02 46.4769 42.0843 389.01 0.219644 -3.85231 11.2933 4.46427 -11.9053 0.0979134 2.14845e-09 
740 0.145923 187.27 93.051 1925.02 47.0887 42.668 396.783 0.217945 -3.73132 11.3684 4.49339 -12.1305 0.0977765 2.14125e-09 
750 0.143977 187.27 92.5205 1951.04 47.7041 43.2551 404.674 0.216287 -3.60883 11.443 4.52286 -12.3571 0.0976437 2.13408e-09 
760 0.142083 187.271 91.999 1977.07 48.3198 43.8425 412.638 0.214674 -3.48452 11.5172 4.55236 -12.585 0.0975147 2.12698e-09 
770 0.140237 187.281 91.4886 2003.18 48.9357 44.4307 420.613 0.213067 -3.35772 11.5908 4.58122 -12.8143 0.0973908 2.12011e-09 
780 0.138440 187.286 90.9862 2029.26 49.5477 45.015 428.619 0.211522 -3.22896 11.664 4.6099 -13.0449 0.0972695 2.1133e-09 
790 0.136687 187.295 90.4927 2055.37 50.1612 45.6011 436.692 0.210003 -3.09833 11.7367 4.6385 -13.2768 0.0971521 2.1066e-09 
800 0.134979 187.311 90.0085 2081.56 50.7778 46.1904 444.832 0.208494 -2.96577 11.8089 4.66693 -13.5101 0.097039 2.10003e-09 
810 0.133312 187.416 89.5432 2108.76 51.4771 46.8628 453.774 0.206625 -2.83451 11.8807 4.69836 -13.7446 0.0969435 2.0935e-09 
820 0.131686 187.428 89.0759 2134.94 52.0808 47.4402 461.829 0.205205 -2.69689 11.952 4.72522 -13.9804 0.0968359 2.0873e-09 
830 0.130100 187.362 88.6039 2160.21 52.6236 47.9554 469.527 0.204167 -2.55672 12.023 4.75117 -14.2174 0.0967182 2.08088e-09 
840 0.128551 187.445 88.16 2187.21 53.292 48.598 478.27 0.202505 -2.41787 12.0934 4.78014 -14.4557 0.0966275 2.07482e-09 
850 0.127039 187.397 87.7048 2212.68 53.8479 49.1265 486.185 0.201452 -2.27465 12.1635 4.80635 -14.6953 0.0965181 2.06857e-09 
860 0.125561 187.435 87.2685 2239.16 54.4767 49.7291 494.729 0.200053 -2.1314 12.2332 4.83419 -14.936 0.0964251 2.06257e-09 
870 0.124118 187.442 86.8351 2265.29 55.0761 50.3022 503.067 0.198816 -1.9855 12.3025 4.861 -15.178 0.0963297 2.05662e-09 
880 0.122708 187.465 86.4103 2291.6 55.6884 50.8884 511.563 0.197543 -1.83824 12.3714 4.88803 -15.4212 0.096239 2.05078e-09 
890 0.121329 187.489 85.9916 2317.94 56.3029 51.4768 520.153 0.196294 -1.68958 12.4399 4.91523 -15.6655 0.0961507 2.04497e-09 
900 0.119981 187.684 85.6017 2346.42 57.0854 52.2353 530.222 0.194326 -1.54369 12.508 4.94679 -15.9111 0.0960924 2.03948e-09 
910 0.118662 187.543 85.1751 2370.71 57.5283 52.6511 537.365 0.193845 -1.38629 12.5757 4.96837 -16.1578 0.0959818 2.03373e-09 
920 0.117373 187.655 84.7865 2398.19 58.2278 53.326 546.814 0.192292 -1.23467 12.6431 4.99726 -16.4057 0.095914 2.0283e-09 
930 0.116111 187.599 84.3824 2423.54 58.7531 53.8252 554.78 0.191492 -1.07653 12.7101 5.02113 -16.6547 0.0958211 2.02275e-09 
940 0.114875 187.63 83.9951 2450.01 59.368 54.4149 563.58 0.190335 -0.919273 12.7767 5.04738 -16.9048 0.0957442 2.01737e-09 
950 0.113666 187.661 83.6131 2476.47 59.9808 55.0026 572.408 0.189208 -0.760357 12.843 5.07344 -17.1561 0.0956689 2.01205e-09 
960 0.112482 187.693 83.2369 2502.97 60.594 55.591 581.273 0.188092 -0.599742 12.909 5.09928 -17.4085 0.0955957 2.00683e-09 
970 0.111323 187.728 82.8665 2529.52 61.2087 56.1811 590.188 0.186986 -0.437514 12.9746 5.12495 -17.662 0.0955247 2.00169e-09 
980 0.110187 187.773 82.5018 2556.2 61.8377 56.7854 599.325 0.185861 -0.27454 13.0398 5.15129 -17.9166 0.0954568 1.99656e-09 
990 0.109074 187.791 82.1394 2582.53 62.4313 57.3544 608.142 0.184872 -0.108666 13.1048 5.17616 -18.1723 0.0953861 1.99152e-09 
1000 0.107983 187.841 81.7855 2609.32 63.0654 57.9641 617.408 0.183761 0.0573266 13.1694 5.2023 -18.429 0.0953223 1.98653e-09 
